0.001
0.0010000007735168532
0.0010000015279871544
0.0010000022448333407
0.00100000290640428
0.0010000034964099001
0.0010000040003223045
0.0010000044057334974
0.00100000470266091
0.0010000048837932036
0.0010000049446703004
0.0010000048837932036
0.00100000470266091
0.0010000044057334974
0.0010000040003223045
0.0010000034964099001
0.00100000290640428
0.0010000022448333407
0.0010000015279871544
0.0010000007735168532
0.001
0.0009999992264831468
0.00099999847201284568
0.00099999775516665932
0.00099999709359572002
0.00099999650359009992
0.00099999599967769549
0.00099999559426650259
0.00099999529733909003
0.00099999511620679641
0.00099999505532969964
0.00099999511620679641
0.00099999529733909003
0.00099999559426650259
0.00099999599967769549
0.00099999650359009992
0.00099999709359572002
0.00099999775516665932
0.00099999847201284568
0.0009999992264831468
0.001
0.0010000007735168532
0.0010000015279871544
0.0010000022448333407
0.00100000290640428
0.0010000034964099001
0.0010000040003223045
0.0010000044057334974
0.00100000470266091
0.0010000048837932036
0.0010000049446703004
0.0010000048837932036
0.00100000470266091
0.0010000044057334974
0.0010000040003223045
0.0010000034964099001
0.00100000290640428
0.0010000022448333407
0.0010000015279871544
0.0010000007735168532
0.001
0.0009999992264831468
0.00099999847201284568
0.00099999775516665932
0.00099999709359572002
0.00099999650359009992
0.00099999599967769549
0.00099999559426650259
0.00099999529733909003
0.00099999511620679641
0.00099999505532969964
0.00099999511620679641
0.00099999529733909003
0.00099999559426650259
0.00099999599967769549
0.00099999650359009992
0.00099999709359572002
0.00099999775516665932
0.00099999847201284568
0.0009999992264831468
0.001
0.0010000007735168532
0.0010000015279871544
0.0010000022448333407
0.00100000290640428
0.0010000034964099001
0.0010000040003223045
0.0010000044057334974
0.00100000470266091
0.0010000048837932036
0.0010000049446703004
0.0010000048837932036
0.00100000470266091
0.0010000044057334974
0.0010000040003223045
0.0010000034964099001
0.00100000290640428
0.0010000022448333407
0.0010000015279871544
0.0010000007735168532
0.001
0.0009999992264831468
0.00099999847201284568
0.00099999775516665932
0.00099999709359572002
0.00099999650359009992
0.00099999599967769549
0.00099999559426650259
0.00099999529733909003
0.00099999511620679641
0.00099999505532969964
0.00099999511620679641
0.00099999529733909003
0.00099999559426650259
0.00099999599967769549
0.00099999650359009992
0.00099999709359572002
0.00099999775516665932
0.00099999847201284568
0.0009999992264831468
0.001
0.0010000007735168532
0.0010000015279871544
0.0010000022448333407
0.00100000290640428
0.0010000034964099001
0.0010000040003223045
0.0010000044057334974
0.00100000470266091
0.0010000048837932036
0.0010000049446703004
0.0010000048837932036
0.00100000470266091
0.0010000044057334974
0.0010000040003223045
0.0010000034964099001
0.00100000290640428
0.0010000022448333407
0.0010000015279871544
0.0010000007735168532
0.001
0.0009999992264831468
0.00099999847201284568
0.00099999775516665932
0.00099999709359572002
0.00099999650359009992
0.00099999599967769549
0.00099999559426650259
0.00099999529733909003
0.00099999511620679641
0.00099999505532969964
0.00099999511620679641
0.00099999529733909003
0.00099999559426650259
0.00099999599967769549
0.00099999650359009992
0.00099999709359572002
0.00099999775516665932
0.00099999847201284568
0.0009999992264831468
0.001
0.0010000007735168532
0.0010000015279871544
0.0010000022448333407
0.00100000290640428
0.0010000034964099001
0.0010000040003223045
0.0010000044057334974
0.00100000470266091
0.0010000048837932036
0.0010000049446703004
0.0010000048837932036
0.00100000470266091
0.0010000044057334974
0.0010000040003223045
0.0010000034964099001
0.00100000290640428
0.0010000022448333407
0.0010000015279871544
0.0010000007735168532
0.001
0.0009999992264831468
0.00099999847201284568
0.00099999775516665932
0.00099999709359572002
0.00099999650359009992
0.00099999599967769549
0.00099999559426650259
0.00099999529733909003
0.00099999511620679641
0.00099999505532969964
0.00099999511620679641
0.00099999529733909003
0.00099999559426650259
0.00099999599967769549
0.00099999650359009992
0.00099999709359572002
0.00099999775516665932
0.00099999847201284568
0.0009999992264831468
0.001
0.0010000007735168532
0.0010000015279871544
0.0010000022448333407
0.00100000290640428
0.0010000034964099001
0.0010000040003223045
0.0010000044057334974
0.00100000470266091
0.0010000048837932036
0.0010000049446703004
0.0010000048837932036
0.00100000470266091
0.0010000044057334974
0.0010000040003223045
0.0010000034964099001
0.00100000290640428
0.0010000022448333407
0.0010000015279871544
0.0010000007735168532
0.001
0.0009999992264831468
0.00099999847201284568
0.00099999775516665932
0.00099999709359572002
0.00099999650359009992
0.00099999599967769549
0.00099999559426650259
0.00099999529733909003
0.00099999511620679641
0.00099999505532969964
0.00099999511620679641
0.00099999529733909003
0.00099999559426650259
0.00099999599967769549
0.00099999650359009992
0.00099999709359572002
0.00099999775516665932
0.00099999847201284568
0.0009999992264831468
0.001
0.0010000007735168532
0.0010000015279871544
0.0010000022448333407
0.00100000290640428
0.0010000034964099001
0.0010000040003223045
0.0010000044057334974
0.00100000470266091
0.0010000048837932036
0.0010000049446703004
0.0010000048837932036
0.00100000470266091
0.0010000044057334974
0.0010000040003223045
0.0010000034964099001
0.00100000290640428
0.0010000022448333407
0.0010000015279871544
0.0010000007735168532
0.001
0.0009999992264831468
0.00099999847201284568
0.00099999775516665932
0.00099999709359572002
0.00099999650359009992
0.00099999599967769549
0.00099999559426650259
0.00099999529733909003
0.00099999511620679641
0.00099999505532969964
0.00099999511620679641
0.00099999529733909003
0.00099999559426650259
0.00099999599967769549
0.00099999650359009992
0.00099999709359572002
0.00099999775516665932
0.00099999847201284568
0.0009999992264831468
0.001
0.0010000007735168532
0.0010000015279871544
0.0010000022448333407
0.00100000290640428
0.0010000034964099001
0.0010000040003223045
0.0010000044057334974
0.00100000470266091
0.0010000048837932036
0.0010000049446703004
0.0010000048837932036
0.00100000470266091
0.0010000044057334974
0.0010000040003223045
0.0010000034964099001
0.00100000290640428
0.0010000022448333407
0.0010000015279871544
0.0010000007735168532
0.001
0.0009999992264831468
0.00099999847201284568
0.00099999775516665932
0.00099999709359572002
0.00099999650359009992
0.00099999599967769549
0.00099999559426650259
0.00099999529733909003
0.00099999511620679641
0.00099999505532969964
0.00099999511620679641
0.00099999529733909003
0.00099999559426650259
0.00099999599967769549
0.00099999650359009992
0.00099999709359572002
0.00099999775516665932
0.00099999847201284568
0.0009999992264831468
0.001
0.0010000007735168532
0.0010000015279871544
0.0010000022448333407
0.00100000290640428
0.0010000034964099001
0.0010000040003223045
0.0010000044057334974
0.00100000470266091
0.0010000048837932036
0.0010000049446703004
0.0010000048837932036
0.00100000470266091
0.0010000044057334974
0.0010000040003223045
0.0010000034964099001
0.00100000290640428
0.0010000022448333407
0.0010000015279871544
0.0010000007735168532
0.001
0.0009999992264831468
0.00099999847201284568
0.00099999775516665932
0.00099999709359572002
0.00099999650359009992
0.00099999599967769549
0.00099999559426650259
0.00099999529733909003
0.00099999511620679641
0.00099999505532969964
0.00099999511620679641
0.00099999529733909003
0.00099999559426650259
0.00099999599967769549
0.00099999650359009992
0.00099999709359572002
0.00099999775516665932
0.00099999847201284568
0.0009999992264831468
0.001
0.0010000007735168532
0.0010000015279871544
0.0010000022448333407
0.00100000290640428
0.0010000034964099001
0.0010000040003223045
0.0010000044057334974
0.00100000470266091
0.0010000048837932036
0.0010000049446703004
0.0010000048837932036
0.00100000470266091
0.0010000044057334974
0.0010000040003223045
0.0010000034964099001
0.00100000290640428
0.0010000022448333407
0.0010000015279871544
0.0010000007735168532
0.001
0.0009999992264831468
0.00099999847201284568
0.00099999775516665932
0.00099999709359572002
0.00099999650359009992
0.00099999599967769549
0.00099999559426650259
0.00099999529733909003
0.00099999511620679641
0.00099999505532969964
0.00099999511620679641
0.00099999529733909003
0.00099999559426650259
0.00099999599967769549
0.00099999650359009992
0.00099999709359572002
0.00099999775516665932
0.00099999847201284568
0.0009999992264831468
